uid,password,gamerTag
USER0001,DH4934%@,Player001
USER0002,CT0794$@,Player002
USER0003,FZ9964&&,Player003
USER0004,WF0768^$,Player004
USER0005,QU1839%#,Player005
USER0006,ZV3585@*,Player006
USER0007,LX4597*%,Player007
USER0008,MU0520#@,Player008
USER0009,IL9193##,Player009
USER0010,WG0351!$,Player010
USER0011,HZ9700&%,Player011
USER0012,NI3982#!,Player012
USER0013,NZ8929**,Player013
USER0014,DT4234%@,Player014
USER0015,UB1296@#,Player015
USER0016,IT4270$%,Player016
USER0017,AD3653&^,Player017
USER0018,FZ1938$&,Player018
USER0019,AL9751#&,Player019
USER0020,WP5479%!,Player020
USER0021,DV8514$$,Player021
USER0022,KU7879%^,Player022
USER0023,YL1816&&,Player023
USER0024,BJ5277$#,Player024
USER0025,YV6639##,Player025
USER0026,LD5286##,Player026
USER0027,HY8485#&,Player027
USER0028,FH7784$!,Player028
USER0029,AU1886$#,Player029
USER0030,YU7758&#,Player030
USER0031,AM9047*^,Player031
USER0032,SP0495#!,Player032
USER0033,BA9700*#,Player033
USER0034,KU6836@!,Player034
USER0035,PG8071$^,Player035
USER0036,GL2179#!,Player036
USER0037,WY5033&%,Player037
USER0038,ZO0584$#,Player038
USER0039,SN8574&$,Player039
USER0040,PS5616!#,Player040
USER0041,JO7106&@,Player041
USER0042,QS0104*@,Player042
USER0043,KS5029%$,Player043
USER0044,VB8060*#,Player044
USER0045,HA3302@#,Player045
USER0046,SD4767^@,Player046
USER0047,WR9591%^,Player047
USER0048,QQ0844@@,Player048
USER0049,FY8304##,Player049
USER0050,VO5507%@,Player050
USER0051,NW8492^^,Player051
USER0052,CW7401*@,Player052
USER0053,ZG9115&^,Player053
USER0054,CR3496*&,Player054
USER0055,DS7674%&,Player055
USER0056,DF3871!@,Player056
USER0057,NJ6878^$,Player057
USER0058,YJ8290&%,Player058
USER0059,ZE1937!#,Player059
USER0060,YY2007&*,Player060
USER0061,KB6413*!,Player061
USER0062,LR1340*%,Player062
USER0063,LX0654*$,Player063
USER0064,JL1684%!,Player064
USER0065,MS5745$*,Player065
USER0066,ZL9513$$,Player066
USER0067,AL6514^$,Player067
USER0068,DY7199^&,Player068
USER0069,PU8494%%,Player069
USER0070,NT0963$^,Player070
USER0071,KI9605#$,Player071
USER0072,AU5626@&,Player072
USER0073,AJ4169^!,Player073
USER0074,LQ4271!#,Player074
USER0075,QZ3089&*,Player075
USER0076,NK4557!%,Player076
USER0077,NK4794!^,Player077
USER0078,FV2692%!,Player078
USER0079,YG4720%^,Player079
USER0080,LN9388^&,Player080
USER0081,TC8322&$,Player081
USER0082,OR8281^%,Player082
USER0083,JK7803$!,Player083
USER0084,HG8744&^,Player084
USER0085,TX5521^%,Player085
USER0086,XV6295$#,Player086
USER0087,ET0902$@,Player087
USER0088,VY9833#*,Player088
USER0089,WT2650&!,Player089
USER0090,MD7779@&,Player090
USER0091,JN5354#@,Player091
USER0092,NG3941&@,Player092
USER0093,WO2348#%,Player093
USER0094,EZ6503&#,Player094
USER0095,UF9188*%,Player095
USER0096,DV2441^$,Player096
USER0097,UU6819@!,Player097
USER0098,QR5022*!,Player098
USER0099,LH7746$!,Player099
USER0100,MQ8900%%,Player100
USER0101,DW9686&%,Player101
USER0102,TC3761*$,Player102
USER0103,PD6896%^,Player103
USER0104,VC3147%!,Player104
USER0105,IN4538&$,Player105
USER0106,UL0664@@,Player106
USER0107,OB3957@$,Player107
USER0108,CU4124*#,Player108
USER0109,WA9375!%,Player109
USER0110,BS4216!&,Player110
USER0111,TM4977@@,Player111
USER0112,SG4767&$,Player112
USER0113,WI3089#$,Player113
USER0114,LU1857!*,Player114
USER0115,UE3226^%,Player115
USER0116,XD5755!%,Player116
USER0117,HH0565*&,Player117
USER0118,KY6593^!,Player118
USER0119,TV2696$@,Player119
USER0120,PK0531@*,Player120
USER0121,RB7289!#,Player121
USER0122,YV9071@@,Player122
USER0123,FP6455^%,Player123
USER0124,ZF5722*!,Player124
USER0125,HA4376&$,Player125
USER0126,EI4572^!,Player126
USER0127,IL2288#%,Player127
USER0128,ZU4521$@,Player128
USER0129,HB2274!&,Player129
USER0130,WR5367*%,Player130
USER0131,EV4693&!,Player131
USER0132,UW9989@^,Player132
USER0133,NC2178*&,Player133
USER0134,SO1779@^,Player134
USER0135,GS6158%!,Player135
USER0136,XX0434&$,Player136
USER0137,HF7032&$,Player137
USER0138,MR7059%!,Player138
USER0139,FU1114#@,Player139
USER0140,ZL5103&!,Player140
USER0141,HW2821#&,Player141
USER0142,FN8658**,Player142
USER0143,VW4343&$,Player143
USER0144,QD1824^%,Player144
USER0145,QP3116&*,Player145
USER0146,WV4195*#,Player146
USER0147,ZD4024&@,Player147
USER0148,AW3702!%,Player148
USER0149,NW0079#&,Player149
USER0150,VD4053#$,Player150
USER0151,LH3378%%,Player151
USER0152,XW4050^%,Player152
USER0153,UL9950%#,Player153
USER0154,WM2171&*,Player154
USER0155,FN0138&*,Player155
USER0156,CH5221#^,Player156
USER0157,HR2470!^,Player157
USER0158,RL6521$@,Player158
USER0159,ZW0797!&,Player159
USER0160,WC4635$^,Player160
USER0161,NZ0251%%,Player161
USER0162,GZ6883@@,Player162
USER0163,LZ9579*&,Player163
USER0164,MI7035@!,Player164
USER0165,RW7205@&,Player165
USER0166,UC1115!&,Player166
USER0167,FH6362*^,Player167
USER0168,HS8075#*,Player168
USER0169,TT9147#$,Player169
USER0170,ZJ6729&&,Player170
USER0171,FR3217&#,Player171
USER0172,LA2203&#,Player172
USER0173,VO6314&&,Player173
USER0174,FA2939*&,Player174
USER0175,WP2965@^,Player175
USER0176,HF4514%%,Player176
USER0177,CY5999^#,Player177
USER0178,AF2293&*,Player178
USER0179,DG5704^^,Player179
USER0180,QZ8419!@,Player180
USER0181,XS3127^%,Player181
USER0182,CL8903$&,Player182
USER0183,JP8229*%,Player183
USER0184,CH3989&^,Player184
USER0185,DR4990!!,Player185
USER0186,WV4731%$,Player186
USER0187,RB7834!%,Player187
USER0188,TM2669&&,Player188
USER0189,CX9591*^,Player189
USER0190,BK2634!^,Player190
USER0191,BM6654^#,Player191
USER0192,TL6175#*,Player192
USER0193,TR0998&&,Player193
USER0194,ZD8812!$,Player194
USER0195,SE3830&%,Player195
USER0196,LF3515%%,Player196
USER0197,RW9822%#,Player197
USER0198,OB5330^@,Player198
USER0199,CU6159^^,Player199
USER0200,JC5827^*,Player200
USER0201,RE2028!#,Player201
USER0202,TP4377*!,Player202
USER0203,UR1155&$,Player203
USER0204,OP3339!&,Player204
USER0205,FS9727@#,Player205
USER0206,XD6398^%,Player206
USER0207,CZ7889^^,Player207
USER0208,FA8864^#,Player208
USER0209,JM2802&&,Player209
USER0210,RD7813#%,Player210
USER0211,ML0474*$,Player211
USER0212,IZ7305^^,Player212
USER0213,DN1761$!,Player213
USER0214,YU9627@&,Player214
USER0215,QB6748^%,Player215
USER0216,CC3798#^,Player216
USER0217,BO4383@!,Player217
USER0218,TL3543%%,Player218
USER0219,OR0226%!,Player219
USER0220,XF5187#*,Player220
USER0221,SQ1183^%,Player221
USER0222,SN7337*@,Player222
USER0223,AP8121!!,Player223
USER0224,MZ4655$@,Player224
USER0225,EX9911&@,Player225
USER0226,GG6095!#,Player226
USER0227,XY8183#$,Player227
USER0228,FG3308$&,Player228
USER0229,TO1054&*,Player229
USER0230,JQ4742**,Player230
USER0231,NI3843**,Player231
USER0232,RN0476$#,Player232
USER0233,OQ1624*@,Player233
USER0234,TO4005#$,Player234
USER0235,VR8367@!,Player235
USER0236,VY6531@%,Player236
USER0237,BI4120&^,Player237
USER0238,UB9498!^,Player238
USER0239,AZ3934&%,Player239
USER0240,BK8498^@,Player240
USER0241,TY4695&!,Player241
USER0242,KZ6126$^,Player242
USER0243,AT5292$!,Player243
USER0244,AE6324*!,Player244
USER0245,FB0755**,Player245
USER0246,WZ7403#^,Player246
USER0247,IE8893*%,Player247
USER0248,ZM1861$@,Player248
USER0249,PU3245^@,Player249
USER0250,XA2702*@,Player250
USER0251,WG0360$$,Player251
USER0252,DM4899%!,Player252
USER0253,IM6926%*,Player253
USER0254,WB5365#^,Player254
USER0255,CP8985#@,Player255
USER0256,ED2220%*,Player256
USER0257,KH5394^%,Player257
USER0258,NO6134!#,Player258
USER0259,MH9970$#,Player259
USER0260,VJ9370*!,Player260
USER0261,BI2662#$,Player261
USER0262,RA9640$#,Player262
USER0263,SP5916&#,Player263
USER0264,PU1777$&,Player264
USER0265,WA9180%*,Player265
USER0266,DP4794@&,Player266
USER0267,YK5896**,Player267
USER0268,US2203@*,Player268
USER0269,OF8396^&,Player269
USER0270,TT0807@#,Player270
USER0271,TC8371#!,Player271
USER0272,UG2185*@,Player272
USER0273,PX5468@@,Player273
USER0274,VY9740%*,Player274
USER0275,BH9969%^,Player275
USER0276,GI3600@$,Player276
USER0277,PA4237&&,Player277
USER0278,CF5506#%,Player278
USER0279,LU2830!#,Player279
USER0280,ET1031^^,Player280
USER0281,CL9103^!,Player281
USER0282,RM4384^@,Player282
USER0283,HZ9260!%,Player283
USER0284,AS6694&%,Player284
USER0285,JW1137%%,Player285
USER0286,NY2189^$,Player286
USER0287,GJ4400*@,Player287
USER0288,OI6147&!,Player288
USER0289,EQ0864$@,Player289
USER0290,GB8418%!,Player290
USER0291,HH7248#!,Player291
USER0292,CC6090**,Player292
USER0293,GN3571&#,Player293
USER0294,OD9373#%,Player294
USER0295,SM2925&&,Player295
USER0296,PH7867#&,Player296
USER0297,XH7286^!,Player297
USER0298,SA5926@*,Player298
USER0299,FR2722$$,Player299
USER0300,JX3557!%,Player300
USER0301,BS2191*&,Player301
USER0302,AS5720*^,Player302
USER0303,ES9276^%,Player303
USER0304,JN8292&!,Player304
USER0305,IW3241@&,Player305
USER0306,DR6124%!,Player306
USER0307,WU6525#!,Player307
USER0308,RL2269%*,Player308
USER0309,XR0640%*,Player309
USER0310,XO9003&&,Player310
USER0311,PH1094^#,Player311
USER0312,FT5094%$,Player312
USER0313,OZ1599##,Player313
USER0314,MR3887%*,Player314
USER0315,HY1800%&,Player315
USER0316,WV8481&#,Player316
USER0317,CM0146%^,Player317
USER0318,XU0936^!,Player318
USER0319,KX3763^!,Player319
USER0320,IQ8189*$,Player320
USER0321,JT8791%@,Player321
USER0322,JZ4513%^,Player322
USER0323,YX5144@*,Player323
USER0324,YC4683^@,Player324
USER0325,BH7861&%,Player325
USER0326,YD8454&%,Player326
USER0327,QF2920*%,Player327
USER0328,PR3576!$,Player328
USER0329,ZD8295&^,Player329
USER0330,XU1645@^,Player330
USER0331,WP3832#^,Player331
USER0332,UY3454^*,Player332
USER0333,TG0500$$,Player333
USER0334,FP8867#&,Player334
USER0335,AA2142*%,Player335
USER0336,LM5070$^,Player336
USER0337,VD6577##,Player337
USER0338,AO0498&%,Player338
USER0339,GQ3940^%,Player339
USER0340,VB7355%*,Player340
USER0341,GZ1729^@,Player341
USER0342,FP5802%%,Player342
USER0343,YZ9537##,Player343
USER0344,TN1140^&,Player344
USER0345,BQ3230*!,Player345
USER0346,YT4909$@,Player346
USER0347,VH1543%&,Player347
USER0348,SP4080^!,Player348
USER0349,TQ9442^$,Player349
USER0350,ON7402!@,Player350
USER0351,VN9119$^,Player351
USER0352,QA6694$!,Player352
USER0353,JZ4096&^,Player353
USER0354,ZM3514%@,Player354
USER0355,BJ3426*!,Player355
USER0356,VA3529&^,Player356
USER0357,XE3581^@,Player357
USER0358,LS2802*&,Player358
USER0359,GZ9744$!,Player359
USER0360,RL5539&!,Player360
USER0361,LE6138%^,Player361
USER0362,ET7945$!,Player362
USER0363,FT9073%#,Player363
USER0364,RA0620#&,Player364
USER0365,NP7362^&,Player365
USER0366,OC3747!&,Player366
USER0367,DK9411*^,Player367
USER0368,KG3913&#,Player368
USER0369,DL6335&$,Player369
USER0370,XQ7795^@,Player370
USER0371,RY2976&*,Player371
USER0372,LQ3643!*,Player372
USER0373,AC9905^#,Player373
USER0374,ZE7649*&,Player374
USER0375,SG0367@^,Player375
USER0376,UA0165$@,Player376
USER0377,GB1759@!,Player377
USER0378,JN6486%$,Player378
USER0379,YL2392!&,Player379
USER0380,BD4939*@,Player380
USER0381,UC4982&@,Player381
USER0382,LU8787@!,Player382
USER0383,MQ5357^$,Player383
USER0384,KS6070^^,Player384
USER0385,YO3815^^,Player385
USER0386,OI5495*!,Player386
USER0387,WS9522@&,Player387
USER0388,MW0263*#,Player388
USER0389,SH0463&#,Player389
USER0390,WU1485$%,Player390
USER0391,MX5282&%,Player391
USER0392,EG8846$!,Player392
USER0393,EP7784%^,Player393
USER0394,TA5783^#,Player394
USER0395,HY9042*$,Player395
USER0396,TH6134*&,Player396
USER0397,PT8363*#,Player397
USER0398,RV9524&*,Player398
USER0399,GF1495#%,Player399
USER0400,VU1571@^,Player400
USER0401,AP1115$#,Player401
USER0402,PS7037*$,Player402
USER0403,DD9498&@,Player403
USER0404,PC5908@^,Player404
USER0405,JL1703#$,Player405
USER0406,IS0941$@,Player406
USER0407,FV1989##,Player407
USER0408,SW6284#&,Player408
USER0409,ON2338#$,Player409
USER0410,EQ5104*&,Player410
USER0411,BQ0273$%,Player411
USER0412,CJ8630#!,Player412
USER0413,AD8889*^,Player413
USER0414,TM6847*&,Player414
USER0415,AW3114$#,Player415
USER0416,ZG9717!!,Player416
USER0417,QU6660*#,Player417
USER0418,UZ8505@@,Player418
USER0419,IP6431@$,Player419
USER0420,OC7111$^,Player420
USER0421,LQ5434@$,Player421
USER0422,SG9206&*,Player422
USER0423,GK0547#$,Player423
USER0424,OO5689@^,Player424
USER0425,CR4461*$,Player425
USER0426,PX6751%^,Player426
USER0427,DH3042&*,Player427
USER0428,KH1947!&,Player428
USER0429,RH7739#$,Player429
USER0430,PG5139^%,Player430
USER0431,ZP3146#*,Player431
USER0432,ES6747*%,Player432
USER0433,RN7234*&,Player433
USER0434,BC5258#&,Player434
USER0435,SB2104*^,Player435
USER0436,TZ9706*!,Player436
USER0437,OG9084#&,Player437
USER0438,IG2318$!,Player438
USER0439,XE6205@%,Player439
USER0440,AX0654&*,Player440
USER0441,JA0719&@,Player441
USER0442,KS0796*$,Player442
USER0443,LY0614**,Player443
USER0444,QE6477%!,Player444
USER0445,MA4914*$,Player445
USER0446,IT6351&*,Player446
USER0447,GX0144$%,Player447
USER0448,DE6762^#,Player448
USER0449,VO8770$&,Player449
USER0450,HE7950*&,Player450
USER0451,XR6100#&,Player451
USER0452,FR9401*#,Player452
USER0453,PH7544@&,Player453
USER0454,OM9395#&,Player454
USER0455,LJ1891%*,Player455
USER0456,LF0668^#,Player456
USER0457,CU7794$#,Player457
USER0458,AJ4205@#,Player458
USER0459,KS9308#*,Player459
USER0460,PK1946*#,Player460
USER0461,WN8665#^,Player461
USER0462,EN7186$#,Player462
USER0463,HW1205$&,Player463
USER0464,ME7803$*,Player464
USER0465,NN4371%&,Player465
USER0466,ZG7937#!,Player466
USER0467,ZT9788$&,Player467
USER0468,HE2547&$,Player468
USER0469,MB1863^%,Player469
USER0470,KT0966#!,Player470
USER0471,WZ3469$*,Player471
USER0472,OW6594^&,Player472
USER0473,EJ7363@$,Player473
USER0474,PU0352%*,Player474
USER0475,UO2503!!,Player475
USER0476,HD1764!%,Player476
USER0477,IH1525!!,Player477
USER0478,JI9694^$,Player478
USER0479,UZ4526$$,Player479
USER0480,SF4471!&,Player480
USER0481,WG7598@&,Player481
USER0482,TX0454!&,Player482
USER0483,WZ3727#^,Player483
USER0484,OR1821$^,Player484
USER0485,ID7289#*,Player485
USER0486,NB0055@%,Player486
USER0487,WG0590^$,Player487
USER0488,PS2207^#,Player488
USER0489,AU7019@@,Player489
USER0490,NI4169!!,Player490
USER0491,QI7307!*,Player491
USER0492,BO7269!@,Player492
USER0493,XO4411#$,Player493
USER0494,XS1379**,Player494
USER0495,IJ4942#^,Player495
USER0496,GL2682#^,Player496
USER0497,NY8246&%,Player497
USER0498,SH0327#!,Player498
USER0499,LJ5493#&,Player499
USER0500,ZM0039*$,Player500
